1.151443 12.408175 20.185118 
-0.172570 11.243876 18.054095 
1.959978 9.887400 22.111337 
0.679565 9.503962 19.788528 
0.119425 12.684546 20.398778 
1.146204 8.531017 21.668174 
1.450933 10.240243 20.483404 
0.343063 9.519108 18.140253 
1.408605 9.404140 22.117522 
2.306425 11.146151 20.450470 
1.838471 8.589430 22.122256 
2.423384 11.199159 22.417026 
-0.738984 11.668141 19.429296 
1.005431 12.012523 21.657317 
-2.422051 9.505853 19.965053 
-0.337268 8.053125 21.493876 
0.666829 10.139872 21.482709 
-0.744384 9.666858 19.147440 
-1.180577 9.311910 21.624853 
-1.141649 10.148413 21.343795 
-2.001894 10.653280 18.319690 
-0.669839 7.514504 19.476741 
0.284745 8.365531 21.113488 
-1.360841 10.462327 18.018209 
-1.538885 10.004166 17.715438 
-2.231166 11.139335 19.342955 
-0.951315 11.182805 18.370911 
2.087786 10.204348 19.224380 
-0.059324 12.171511 20.980230 
1.254838 9.513480 19.843190 
0.330318 11.198683 19.100062 
1.927209 11.577252 19.500020 
0.605979 9.615301 18.297706 
-0.677490 8.384763 21.106743 
1.069531 11.928839 19.131004 
0.580955 10.494254 22.398329 
2.665034 10.452932 20.475873 
0.121557 11.481139 20.056818 
0.317518 9.766601 22.495613 
-1.765971 11.825429 19.011426 
1.841583 9.907994 22.878145 
0.020222 10.351801 17.511387 
-1.382988 10.997557 20.410993 
-1.800143 10.393253 19.004977 
-0.297071 8.508117 18.227773 
1.697760 11.480579 21.669560 
-0.493761 9.591156 21.511450 
-1.750672 11.095637 20.138224 
-0.981692 12.172063 19.158595 
-1.486524 10.332960 18.085490 
2.311856 10.148374 20.044862 
-1.570151 11.566992 18.548028 
-0.338718 10.817291 21.101749 
-2.729739 10.627800 19.014542 
0.094962 10.742777 20.893440 
-1.091455 10.536937 20.214431 
0.899627 9.508815 18.599155 
-1.703103 10.703248 17.419455 
-2.502263 9.702332 20.315988 
-1.092818 8.438334 18.638127 
-0.894008 8.516321 18.877321 
-1.977744 10.480251 18.286422 
-0.455298 8.206394 21.247470 
0.012337 12.279398 19.213551 
0.454083 8.053353 18.387120 
-1.845511 8.632112 18.145498 
1.012396 11.281506 22.452737 
0.626546 10.572977 18.665667 
0.275113 10.293182 19.999523 
-1.903539 11.428481 19.142705 
-0.393510 9.572927 21.197828 
-1.211177 12.075452 20.384108 
2.305414 11.776897 21.778150 
1.620993 11.248114 21.439246 
1.605032 9.597382 19.374454 
-1.658136 9.710322 19.460189 
-1.918237 11.517582 18.957190 
-0.989956 9.596009 20.085963 
-1.017680 8.383454 21.514923 
-1.722240 9.306230 18.032686 
0.789786 10.058157 19.973844 
-0.665230 9.749937 18.033371 
-2.451772 10.816861 19.031092 
2.000197 10.782657 21.102245 
-1.255876 11.130856 17.925844 
-0.004510 9.636233 19.900125 
-1.974795 10.672178 20.942479 
2.259160 11.642092 20.745596 
-0.596733 9.680428 19.445300 
-1.348769 8.440416 21.139856 
-0.759222 11.808697 19.021205 
0.708329 8.031485 21.355774 
-1.332238 7.841422 19.102393 
-1.850864 8.970384 19.905850 
-0.845038 11.837083 18.319636 
-1.756298 8.313964 18.752639 
0.161897 8.419417 21.640235 
-1.136386 8.630544 20.662396 
-0.451714 10.499875 18.080575 
0.060209 8.279218 19.200010 
center:
-0.211291 
10.181947 
19.923697 

C:
0,0: 1.879550
0,1: 0.162181
0,2: 0.851349
1,0: 0.162181
1,1: 1.544118
1,2: -0.122238
2,0: 0.851349
2,1: -0.122238
2,2: 1.878530

Cinv:
0,0: 0.683573
0,1: -0.096820
0,2: -0.316095
1,0: -0.096820
1,1: 0.664685
1,2: 0.087130
2,0: -0.316095
2,1: 0.087130
2,2: 0.681255

f: 6.413321
