0.684598 0.0153964 1.76979e-88
-0.950188 0.094929 3.41242e-75
-1.99997 0.263076 2.69702e-63
-0.935422 0.181466 2.0435e-57
-0.466337 0.133684 6.04972e-56
-1.63131 0.324397 9.29584e-53
-0.987771 0.270219 3.68341e-48
-1.49588 0.399514 5.83774e-46
-1.36093 0.425503 1.13205e-42
-1.63604 0.549176 2.35358e-40
-1.88785 0.676529 4.8805e-39
-0.851151 0.356655 7.88178e-39
-1.42551 0.525748 1.39374e-38
-0.19543 0.219802 3.87808e-38
1.20962 0.0661075 7.81892e-37
-1.988 0.828587 4.58451e-36
1.32386 0.0691442 8.02108e-36
-0.56294 0.333014 3.00025e-35
-1.71575 0.730678 3.30056e-35
-0.29401 0.284042 5.25236e-34
1.76392 0.100168 7.22594e-33
-1.27642 0.635079 2.13588e-32
0.159815 0.202806 2.17504e-32
-1.0489 0.549814 3.17763e-32
0.606074 0.145372 9.79026e-31
-1.06722 0.612644 3.4852e-30
-1.78615 1.0594 5.75707e-29
-0.442743 0.406501 1.16645e-28
-1.61445 1.03294 2.33908e-27
-0.00103587 0.295066 3.35147e-27
1.63683 0.121129 1.6403e-26
-1.93653 1.37691 1.8388e-26
-1.82238 1.29508 4.05835e-26
0.304179 0.241068 8.12287e-26
-1.89249 1.41964 1.51209e-25
-1.81182 1.35773 2.62778e-25
1.79106 0.147498 1.16305e-24
-1.63214 1.30784 7.34676e-24
-1.43272 1.1298 9.76327e-24
-1.38512 1.14331 5.37771e-23
0.224585 0.296303 8.06412e-23
-1.16304 0.97387 8.5042e-23
-1.8865 1.80335 1.47099e-22
-1.49315 1.30251 2.27383e-22
-0.922731 0.830789 2.77292e-22
-1.59316 1.48947 9.72028e-22
-0.90916 0.872823 2.86602e-21
-1.00863 0.952864 3.60172e-21
-1.39866 1.36269 9.76247e-21
0.772768 0.18987 1.10676e-20
-1.60303 1.66842 1.38243e-20
-0.991494 0.977029 1.47307e-20
-1.53175 1.58142 2.00345e-20
-1.48817 1.52397 2.23222e-20
-0.985463 0.986209 2.44709e-20
-1.14931 1.13938 2.97764e-20
1.72163 0.175747 7.3012e-20
-1.39074 1.5017 1.59624e-19
-1.47525 1.7713 8.66968e-19
0.173085 0.380969 1.01966e-18
-1.01772 1.20188 5.42257e-18
-1.32527 1.71053 1.24154e-17
0.131069 0.437918 7.08735e-17
-0.456741 0.775451 8.62566e-17
-1.00768 1.33646 1.17896e-16
-0.601903 0.9046 1.48946e-16
0.592395 0.290347 4.38427e-16
-1.13073 1.92529 4.39584e-15
-1.09965 1.82576 4.53947e-15
-0.411313 0.842017 6.09782e-15
-0.595939 1.02655 8.37193e-15
-0.817096 1.32024 1.14035e-14
-0.999498 1.72172 1.79249e-14
-0.723001 1.25854 4.44012e-14
-1.01184 1.9651 5.65168e-14
0.0228859 0.587738 9.62349e-14
-0.972436 1.92713 1.05497e-13
-0.875529 1.73151 2.75297e-13
-0.891673 1.82763 3.40957e-13
-0.914018 1.98879 4.06519e-13
-0.465992 1.03883 4.99293e-13
0.327866 0.453663 6.50728e-13
0.25283 0.490192 6.84811e-13
0.85884 0.260855 9.25568e-13
-0.851219 1.98116 1.31792e-12
-0.844867 1.9599 1.41128e-12
-0.211872 0.834681 2.75246e-12
0.0651679 0.638066 7.30516e-12
-0.137739 0.822879 1.9315e-11
1.22884 0.224437 2.42685e-11
-0.675434 1.82965 2.62992e-11
-0.638206 1.68063 3.08467e-11
1.46262 0.250617 1.74573e-10
0.00282838 0.768284 2.52578e-10
-0.00941663 0.828779 1.30731e-09
1.31127 0.250731 1.31067e-09
-0.45033 1.92791 1.98542e-09
1.66294 0.304922 2.41487e-09
-0.330056 1.37355 3.46085e-09
-0.336003 1.40238 3.8385e-09
0.606584 0.430497 4.45717e-09
-0.114951 1.01191 5.82483e-09
-0.379472 1.96578 6.50398e-09
0.278724 0.634801 9.46404e-09
-0.351677 1.68302 1.04936e-08
-0.309946 1.48085 1.16729e-08
0.830516 0.357687 3.4954e-08
-0.228737 1.52253 7.90951e-08
-0.242679 1.64939 8.21267e-08
1.59521 0.326449 1.37513e-07
-0.143878 1.92219 3.40932e-07
-0.143775 1.81776 4.52185e-07
-0.148417 1.61439 4.77904e-07
-0.0668735 1.2701 6.4358e-07
0.11899 0.928892 7.19684e-07
0.571682 0.530867 9.76983e-07
1.16516 0.308399 1.07858e-06
0.0730654 1.03913 1.46335e-06
0.149216 0.935835 1.89248e-06
-0.0539305 1.79531 2.10191e-06
-0.0435138 1.8314 2.23002e-06
-0.0324259 1.74738 3.37915e-06
0.137799 0.99696 4.0879e-06
-0.00748216 1.35588 4.09937e-06
0.0429201 1.81011 9.21092e-06
0.894218 0.400146 9.33606e-06
0.907505 0.39691 1.0826e-05
0.227854 0.924239 1.26226e-05
1.63808 0.400784 2.20052e-05
0.0661738 1.5677 2.45487e-05
0.0984256 1.73567 2.85196e-05
0.183513 1.08513 4.08846e-05
1.41857 0.355239 4.44749e-05
1.75159 0.479822 8.96159e-05
0.162826 1.56898 0.000129014
0.218335 1.78147 0.000134736
0.187385 1.55639 0.000199164
1.96415 0.730677 0.000297609
1.99783 1.77714 0.000320116
1.97208 1.82268 0.000320962
0.360434 1.91082 0.000341552
1.16833 0.376002 0.000366587
1.97725 0.767499 0.000395849
1.0936 0.392089 0.000462632
0.355907 1.86087 0.000468634
1.81702 1.95868 0.000596057
0.386092 0.918349 0.000662135
1.82665 1.93016 0.00071013
0.440992 0.842854 0.000731599
0.375649 1.80241 0.000890306
1.99231 1.62817 0.000992763
1.93087 1.73712 0.00110918
1.80979 1.9005 0.0011272
0.760753 0.556588 0.00113883
0.348746 1.69115 0.00128178
1.71411 0.52066 0.00154808
0.364454 1.69196 0.00156651
1.95019 0.811789 0.00182264
1.64306 0.4917 0.00279475
0.355252 1.13599 0.00280087
1.93322 0.817533 0.00322275
1.95736 1.52768 0.00324986
0.401575 1.63512 0.00350839
1.10942 0.421641 0.00360168
0.812333 0.552266 0.00378972
1.95496 1.49113 0.00417852
0.445023 1.68874 0.00436162
1.96111 1.45646 0.00453877
1.48154 1.99564 0.00535711
1.9903 1.24035 0.00540496
0.369092 1.38461 0.00548924
0.526539 1.76941 0.00597224
0.526846 0.844816 0.00636176
1.49812 1.94999 0.00819365
0.499397 1.68408 0.00845937
0.676254 1.87224 0.00892374
0.417932 1.48256 0.00902775
1.94657 0.987953 0.00998032
1.87139 0.78069 0.011109
0.463873 1.56695 0.011467
0.486536 1.60615 0.0121471
0.676175 1.83971 0.0121472
0.717186 1.86939 0.0122412
0.664184 1.82666 0.0125192
1.54588 1.88009 0.0133112
1.90476 1.43126 0.0133889
0.988534 1.9633 0.0155392
0.82777 1.90366 0.0165291
0.482765 1.01794 0.018199
1.41483 1.91539 0.0182427
0.82847 1.88532 0.0201008
0.718369 1.81784 0.0203406
1.18478 1.94982 0.0215581
0.648741 1.74422 0.0231641
0.45694 1.32429 0.0249389
1.43328 1.8796 0.0251569
0.559843 0.89588 0.0283079
1.90584 1.24077 0.0293294
1.27039 1.91262 0.0296432
1.40894 1.87274 0.0303138
1.82144 1.49659 0.0313193
1.7062 1.66225 0.0320393
0.612623 1.6621 0.0327996
1.23247 1.90759 0.0334619
0.530554 1.51282 0.0359468
0.761186 1.78325 0.0380264
0.632409 1.66512 0.0387359
1.08459 1.89626 0.0390326
0.646346 1.66588 0.043853
1.87269 1.29058 0.0455454
1.23578 1.86335 0.0553068
0.507573 1.17236 0.0581526
0.67587 1.65731 0.0614248
1.15879 1.85682 0.0631963
0.583914 0.933235 0.0712892
1.36759 1.79161 0.0890369
0.536818 1.13228 0.0898227
1.13832 0.483241 0.10245
1.03603 1.78183 0.129379
1.77529 0.781411 0.130331
1.80826 1.29628 0.130986
0.629236 1.48791 0.133605
1.78995 0.820626 0.139101
0.647244 1.50863 0.142258
0.669422 1.53777 0.146146
1.43059 1.72121 0.146938
1.80547 1.26548 0.158548
0.786392 1.62395 0.199158
0.650708 1.45967 0.201692
1.79373 0.883238 0.207302
1.71793 1.42323 0.21298
1.32709 0.48982 0.216053
1.64128 1.5244 0.219989
1.16506 1.74513 0.221136
1.69926 1.43796 0.239396
0.60241 1.22386 0.272174
0.759929 0.757947 0.281853
0.768628 1.55946 0.302032
0.677584 0.889116 0.303957
1.70005 1.4014 0.313069
1.18991 1.70302 0.349038
0.801784 0.727507 0.387233
1.30155 1.67738 0.38851
0.705827 1.44687 0.392685
0.990368 1.66089 0.411923
0.824333 0.707108 0.413849
1.60409 1.4826 0.460119
0.804719 1.54133 0.464766
1.56033 1.52384 0.467126
0.903767 1.61082 0.467314
0.65356 1.0302 0.501988
1.71851 1.29253 0.510858
1.70791 1.31577 0.511431
1.40345 1.61509 0.521132
1.61762 0.650255 0.547901
1.59147 0.629226 0.582707
0.876007 1.56799 0.596053
0.711917 1.38704 0.603554
0.653342 1.14776 0.615301
0.668474 1.01799 0.617146
1.73046 0.855425 0.669742
1.18019 0.525958 0.692892
0.748624 1.41939 0.718261
0.686642 0.989744 0.743021
0.974009 1.59446 0.755674
1.71572 1.22437 0.77055
1.01767 1.60636 0.782515
1.07725 1.61541 0.826065
1.6462 0.707739 0.826359
1.35107 1.58769 0.866726
1.32523 0.532283 0.978218
0.877336 1.50693 1.03052
0.890642 1.50671 1.1219
0.769518 1.37283 1.18201
0.862238 0.726751 1.20622
0.703335 1.06564 1.23628
1.07183 0.578104 1.26462
1.26957 1.57284 1.2781
1.11931 1.57746 1.30021
0.845858 1.44989 1.32379
0.944328 0.656468 1.33294
1.01062 1.5495 1.34165
0.718443 1.00582 1.34473
1.68276 1.20001 1.3876
1.42185 1.50924 1.39854
1.24333 1.56656 1.42781
1.42113 1.49883 1.5556
0.739826 1.25608 1.55616
1.21342 0.54696 1.56002
0.990057 0.631347 1.5803
0.718927 1.08327 1.59431
1.04606 1.54041 1.63622
1.04194 1.53407 1.7205
1.01556 1.52187 1.7795
0.741872 1.21994 1.81
0.749519 1.23631 1.87573
0.977408 1.49336 1.99645
1.48889 1.42688 2.00456
1.46214 1.44672 2.00744
1.09061 1.52346 2.1432
0.74819 1.15358 2.30131
1.67789 1.08186 2.32183
1.61652 0.749116 2.39418
1.68127 1.02245 2.43949
0.944898 1.45082 2.47845
0.895473 0.737924 2.54092
1.30523 1.48949 2.74719
0.999475 0.653735 2.90934
0.959871 1.43821 2.98487
1.21797 0.570791 3.06918
1.65794 1.08325 3.10767
0.875094 1.35568 3.3042
0.798225 1.2295 3.31942
0.788268 0.961748 3.36892
1.36323 1.44678 3.40729
1.65831 1.03718 3.41968
1.54796 1.30412 3.42662
0.933598 1.40295 3.45121
0.984209 0.674134 3.46556
0.949125 1.41336 3.46842
1.53586 0.680091 3.58839
1.0162 1.44365 3.66634
0.808855 0.917213 3.71737
1.53977 0.688502 3.83903
1.09921 1.45913 4.04547
1.02663 1.43315 4.18522
0.852911 1.28601 4.28137
1.48375 1.34304 4.3178
0.995309 1.41144 4.44324
1.23593 1.45139 4.58788
0.842303 0.87239 4.64757
0.80472 0.990018 4.69173
1.067 0.638715 4.96504
0.878089 1.2959 4.9947
1.33834 0.594891 5.00506
1.63377 0.945502 5.13294
1.07543 0.636569 5.19816
1.57205 0.760605 5.54103
1.01191 1.39074 5.6862
1.5049 1.284 5.83826
1.42128 0.630617 6.00174
1.45181 1.33055 6.00795
1.61871 1.02624 6.17112
0.986765 0.706656 6.17852
1.61861 1.00905 6.34144
1.00431 1.36769 6.64269
0.957636 1.33267 6.80897
1.19084 1.41014 6.97503
1.3379 1.37938 7.06318
1.43681 1.32177 7.12639
0.898789 0.826479 7.4308
0.841297 1.09115 7.85479
1.21676 1.39566 7.89766
0.84402 0.993476 8.01625
1.58698 0.848304 8.0343
1.378 1.34354 8.20504
1.23932 1.38884 8.23216
0.946194 1.29334 8.3498
1.38976 1.32987 8.7088
0.877444 0.892486 8.74845
1.55936 1.13239 8.97819
1.47299 1.25909 9.06371
1.54628 1.15702 9.09948
0.969232 1.29958 9.22972
1.58221 0.867929 9.31204
1.51416 0.733872 9.56958
1.10186 1.36156 9.75867
1.05883 0.681484 9.80736
1.51121 0.733955 9.94364
0.972154 1.28919 10.0865
1.18372 1.36716 10.2878
1.56505 1.08144 10.4605
1.54248 0.79294 10.9997
1.01478 1.30844 11.0239
1.42212 1.27854 11.0619
1.48788 0.718457 11.1501
1.35605 1.31872 11.1943
1.34001 1.32325 11.4847
0.900167 1.16462 11.7228
1.07224 0.68657 12.1404
1.47412 1.21178 12.5458
0.880182 1.02506 12.7626
1.38238 1.28726 12.8595
0.881476 1.01189 12.9024
1.27254 0.633556 12.9537
1.06189 0.699238 13.2404
0.923772 1.18151 13.3473
1.24216 1.33401 13.3561
1.11111 1.32481 13.5269
1.56271 0.952808 13.9036
1.55359 0.873958 14.0444
0.949565 0.822784 14.1807
1.04422 0.718072 14.3357
0.891356 1.03234 14.4331
1.12929 1.32106 14.4536
1.54889 1.03367 14.6434
0.910286 1.1262 14.7155
1.00067 1.25466 14.9327
0.962373 1.21401 15.1055
1.41196 1.24552 15.13
1.50965 1.12832 15.1712
1.02185 1.26844 15.1728
1.54311 1.04387 15.1884
1.11761 0.6791 15.9524
0.918113 0.910951 16.0313
0.934302 1.15888 16.0394
1.10448 0.686218 16.0403
1.28493 1.3032 16.0834
0.902544 1.028 16.2981
1.4881 1.15046 16.3493
1.53654 0.859526 16.6918
1.50215 0.781956 16.9341
1.50342 1.11056 17.5508
0.920858 1.09485 17.7164
1.24656 1.29937 17.7869
1.12709 1.29458 17.7969
1.1252 0.683248 17.928
1.00002 1.22172 18.286
1.45432 0.731714 18.4775
0.925145 1.09084 18.6095
1.51549 0.824649 18.694
1.50515 1.0915 18.835
1.11502 0.691987 18.9054
1.04293 1.24165 20.0469
1.4051 0.702367 20.6001
1.35952 1.23736 21.0855
1.16747 0.678445 21.4501
1.23907 0.664683 21.6256
1.44108 1.16377 21.8368
1.51258 1.02327 22.2729
0.946928 1.08944 22.6272
0.949304 1.09302 22.8602
1.4473 0.748354 23.1736
1.10046 1.25009 23.3143
1.34164 1.23097 23.8209
1.02602 0.782477 24.0477
1.07954 1.22334 26.1935
1.36118 0.698779 26.2904
1.50494 0.936405 27.2047
0.975264 0.887238 27.6459
0.964262 1.06263 27.9368
1.01864 0.810327 27.9664
1.34697 0.698546 28.1685
1.28244 1.23249 28.2381
1.21234 1.24336 28.3622
1.44595 1.10773 28.7999
1.4646 0.801521 28.8478
0.974406 0.902939 29.0172
1.33186 1.20692 29.4041
1.40855 1.14947 29.4843
1.45608 1.08524 29.6584
1.46479 1.06804 29.7552
1.38813 1.16255 30.624
1.33046 1.20182 30.629
1.36379 0.713282 30.6732
0.986421 0.887006 30.9314
1.00091 0.859503 31.6524
0.983658 0.901865 31.712
0.980799 0.912881 31.8676
0.986196 1.06427 33.1445
1.02904 0.822514 33.6038
1.35935 1.16955 33.8061
1.47882 0.882764 33.8843
1.25925 1.21176 34.276
1.41027 1.11849 34.772
1.03243 1.13315 35.1469
1.10119 1.18854 35.1584
1.36464 0.726789 35.202
1.42721 0.77893 35.2169
1.43295 1.08457 35.3881
1.13822 0.73075 35.5905
1.47699 0.916901 35.9121
1.36599 1.15498 35.9241
1.26572 1.20178 36.3831
1.43454 1.07242 36.9287
1.45415 0.832944 37.1349
1.44461 1.05087 37.3744
1.47201 0.95096 37.4652
1.00777 1.07604 37.5105
1.01638 1.0913 37.7981
0.991691 1.01396 37.8545
1.43464 0.800869 37.8913
1.25345 1.19694 38.3242
1.41188 1.09562 38.714
1.24941 0.708162 38.9836
1.39144 1.11489 39.6568
1.46144 0.880091 39.8252
1.2652 0.710226 39.8709
1.43878 0.819841 40.2675
1.2364 1.19209 40.3366
1.3674 0.743898 40.7325
1.16264 0.731853 40.8082
1.00031 0.957761 41.105
1.04399 1.1113 41.2127
1.39827 1.09774 41.6556
1.39181 0.765768 41.8587
1.01926 0.88696 42.0295
1.43387 1.0396 42.2094
1.17574 1.18304 42.5528
1.40585 1.08341 42.6304
1.18507 1.1817 43.274
1.18017 1.18018 43.5226
1.08304 1.13865 43.6209
1.23472 1.17919 44.0046
1.01579 1.0319 44.2061
1.43957 1.01089 44.2604
1.45402 0.922418 44.3864
1.272 0.720556 44.4302
1.37446 1.11015 44.5621
1.02265 1.04855 44.6966
1.44299 0.985063 45.8162
1.44864 0.952836 45.8961
1.3602 1.11705 46.0282
1.4334 0.844277 46.4017
1.15426 0.749528 46.7087
1.02242 0.9173 46.803
1.29662 0.729594 46.9433
1.0209 1.01551 47.1072
1.01798 0.996793 47.1261
1.20016 1.16891 47.3208
1.44418 0.95743 47.3782
1.22007 0.729024 47.419
1.02337 0.92449 47.7975
1.44469 0.911122 47.8771
1.26154 0.727416 47.9834
1.37281 0.768739 48.1941
1.10363 1.13381 48.2794
1.44045 0.896256 49.0104
1.20344 1.16241 49.3179
1.15077 0.757735 49.4582
1.02696 0.936447 50.027
1.03422 1.03071 50.1962
1.10621 0.791936 50.3679
1.27435 1.14911 50.5226
1.36319 1.09605 50.6761
1.37679 0.779833 50.814
1.35338 1.10332 51.0788
1.42633 0.993359 51.0797
1.15664 1.14759 51.3891
1.1037 0.797586 51.5432
1.05454 0.863429 51.5624
1.33033 1.11501 52.6907
1.43064 0.954459 52.8697
1.37475 1.07516 52.8845
1.40522 1.02976 53.1549
1.10708 0.7991 53.2149
1.07976 0.83212 53.86
1.137 0.777691 54.3248
1.12111 0.789775 54.3597
1.14016 0.776348 54.6578
1.38467 1.05386 54.9457
1.03843 0.974974 55.2765
1.40793 1.0104 55.4902
1.41788 0.979927 55.8261
1.3554 0.776711 55.9563
1.17795 1.13715 56.2137
1.23415 1.13868 56.5477
1.36568 1.06946 56.7985
1.3948 1.0292 56.8005
1.39539 1.02783 56.8614
1.24463 0.746764 57.5332
1.27322 1.12687 57.6939
1.39748 1.01851 57.8677
1.24433 0.74862 58.4637
1.31436 1.10386 59.0535
1.29124 1.11557 59.1414
1.05181 0.924929 59.2972
1.22745 1.13063 59.4182
1.40939 0.973632 59.8768
1.19919 0.759958 60.1944
1.29244 1.11071 60.5411
1.10907 1.08682 61.2183
1.05373 0.961363 61.4524
1.14078 0.792811 61.6934
1.05462 0.966004 61.7695
1.16345 0.778535 61.8047
1.08758 0.852973 62.5468
1.06024 0.921932 62.5971
1.26036 1.11514 62.8646
1.405 0.960808 62.9221
1.23744 0.75793 62.9531
1.39846 0.983216 63.0904
1.15727 0.785693 63.3921
1.06302 0.997801 63.4187
1.377 1.02585 63.5714
1.10947 1.07691 63.8045
1.07231 0.892313 64.2063
1.2453 1.1144 64.2254
1.13071 1.09087 64.5187
1.06605 0.917024 64.6286
1.22457 1.11433 65.0281
1.1191 1.08004 65.1585
1.29031 0.766566 65.1757
1.17227 1.10742 65.3057
1.22605 0.764004 65.3387
1.07569 1.01973 65.4578
1.38327 1.00462 65.5475
1.39815 0.883284 66.0456
1.06622 0.941665 66.2968
1.24414 0.764241 66.3759
1.06598 0.955464 66.4446
1.35598 1.0424 66.5222
1.10154 1.05448 67.1086
1.20157 0.774317 67.623
1.20184 1.10618 67.6421
1.16984 1.09865 67.906
1.0846 0.884927 68.2304
1.258 0.769101 68.8163
1.27194 0.771697 69.4451
1.0881 1.02053 69.5277
1.13965 1.07865 69.6742
1.39271 0.905396 69.8865
1.3762 0.993741 70.1416
1.1291 1.06944 70.1533
1.21478 0.776597 70.5485
1.21834 1.09841 70.6305
1.27687 1.08639 70.9035
1.19037 1.09396 71.2438
1.15298 0.80803 71.6555
1.19538 0.785991 72.2293
1.29055 1.07593 72.3708
1.09135 1.00887 72.376
1.32311 1.05433 72.409
1.38224 0.958926 72.5857
1.30003 0.785793 72.6576
1.08792 0.909244 73.2099
1.19245 1.0873 73.6449
1.35974 1.00532 73.9722
1.08918 0.911851 74.0354
1.17609 1.07948 74.8325
1.36718 0.855282 75.1825
1.20995 1.08473 75.3216
1.22384 0.784981 75.6157
1.36877 0.977345 75.6939
1.20201 0.791603 76.0328
1.37091 0.965378 76.5008
1.25083 1.07711 76.9366
1.36327 0.856574 76.999
1.35272 0.839407 77.2135
1.29371 1.05956 77.2392
1.37182 0.883928 77.4965
1.26477 1.07125 77.6544
1.1516 0.825129 77.9037
1.37336 0.902556 78.2165
1.14334 1.05099 78.2355
1.35262 0.995611 78.5104
1.10355 0.992112 78.883
1.10245 0.988465 78.9166
1.35922 0.975578 79.6749
1.11251 1.00701 79.7786
1.3487 0.8443 79.9053
1.27081 1.06137 80.3251
1.12018 0.871578 80.4066
1.35349 0.983059 80.5826
1.34836 0.846899 80.6548
1.32607 0.822476 81.0639
1.31128 1.03391 81.4582
1.19442 1.06432 81.5653
1.28985 1.04812 81.7022
1.36157 0.88629 82.0504
1.36359 0.937845 82.0989
1.16036 0.82932 82.2028
1.35128 0.978118 82.2616
1.22181 0.799366 82.2908
1.17476 1.05542 82.3955
1.12492 0.873681 82.7688
1.31629 1.0245 82.8868
1.14791 1.03719 82.9312
1.20954 0.804085 82.9735
1.28382 1.04678 83.2265
1.34589 0.982778 83.409
1.21757 0.80288 83.4597
1.20392 0.807377 83.5877
1.10802 0.939491 83.6097
1.28112 0.804315 83.6682
1.3129 0.820242 83.8689
1.10914 0.939036 84.0537
1.19346 1.05649 84.0861
1.3557 0.95102 84.2453
1.31597 1.01909 84.4752
1.19136 0.814958 84.5324
1.33095 1.00092 84.6841
1.19189 0.815479 84.8604
1.33358 0.843465 84.9814
1.22719 1.05718 85.0394
1.16819 1.04318 85.1373
1.13852 1.01864 85.189
1.26921 0.804915 85.1955
1.31923 1.01276 85.269
1.23066 1.05552 85.5471
1.29997 1.02612 86.4534
1.16866 0.834425 86.5164
1.20708 0.813001 86.551
1.34735 0.878802 86.9195
1.12757 0.992288 86.9748
1.31867 0.834352 86.9952
1.27101 1.04113 87.1072
1.29753 1.02569 87.1299
1.17691 1.04044 87.2827
1.20082 1.04829 87.3315
1.15721 1.0278 87.3784
1.33831 0.975222 87.4633
1.35183 0.910967 87.5241
1.32948 0.848413 87.5976
1.3492 0.896022 87.9147
1.1248 0.976524 88.1308
1.33679 0.862324 88.1832
1.17463 1.03623 88.1893
1.317 1.00363 88.2403
1.18745 1.04121 88.3865
1.29988 1.01938 88.4398
1.14653 1.01158 88.8092
1.33971 0.96332 88.8467
1.16363 1.02627 89.0644
1.12674 0.970388 89.4169
1.20773 1.04298 89.4685
1.14328 0.874392 89.9052
1.3037 1.00938 90.3048
1.30064 1.01116 90.5684
1.13048 0.907572 90.5895
1.14253 0.997422 90.5911
1.27378 0.818962 90.6048
1.12754 0.958163 90.6354
1.22014 0.818747 90.692
1.15079 0.869041 91.3126
1.32815 0.971163 91.6581
1.27568 1.02444 91.7147
1.13261 0.910615 91.7161
1.31971 0.852883 91.7777
1.16247 1.01413 91.9159
1.22331 1.03655 91.9882
1.14658 0.878979 92.0758
1.33838 0.936691 92.1705
1.22373 0.821511 92.1866
1.22439 1.03544 92.3491
1.33923 0.922501 92.4683
1.32033 0.857971 92.7717
1.29215 1.01006 92.8078
1.33001 0.958043 93.0306
1.13426 0.919329 93.0397
1.14099 0.977775 93.235
1.13737 0.908325 93.2695
1.14795 0.990199 93.3765
1.14271 0.978441 93.6674
1.1641 1.00704 93.9302
1.18822 1.02266 93.9848
1.16874 0.857843 94.1037
1.21111 1.02873 94.1571
1.28645 0.833626 94.1916
1.1895 0.841254 94.2557
1.24707 0.825054 94.6089
1.24965 1.02522 94.6343
1.29 1.00347 95.0644
1.3235 0.958474 95.1761
1.28526 1.00656 95.2076
1.20071 1.02218 95.4378
1.20825 1.02395 95.459
1.27527 1.0118 95.5478
1.28734 1.00331 95.6641
1.27467 0.832799 95.6669
1.26362 1.01681 95.775
1.15608 0.988638 95.8068
1.29981 0.847881 95.8543
1.32991 0.92153 95.9288
1.27879 0.835312 95.9765
1.14457 0.909663 96.0071
1.32059 0.875621 96.0374
1.27279 1.01053 96.3107
1.14267 0.948727 96.3299
1.15007 0.974265 96.3872
1.16172 0.876598 96.6548
1.23479 1.02128 96.6718
1.19934 0.842526 96.7063
1.29442 0.846806 96.7593
1.32749 0.922032 96.7778
1.32742 0.919041 96.8459
1.30089 0.985488 96.9117
1.28144 1.00271 96.9885
1.25698 1.01499 97.0869
1.14831 0.908006 97.152
1.28786 0.844059 97.2696
1.32575 0.91447 97.4376
1.1458 0.943735 97.5385
1.31466 0.873912 97.6171
1.17456 0.999604 97.7198
1.17245 0.867406 97.7276
1.31558 0.877441 97.8952
1.32085 0.936034 98.4205
1.15121 0.955518 98.6462
1.18809 1.00447 98.807
1.22404 1.01402 98.9465
1.20559 1.01107 98.9846
1.30985 0.960535 99.1413
1.31023 0.959409 99.1968
1.2239 0.840632 99.4376
1.25636 0.839435 99.5951
1.16149 0.893014 99.6047
1.2425 0.839604 99.9673
1.23682 1.00975 100.026
1.15619 0.911378 100.085
1.2323 0.840908 100.115
1.15761 0.959698 100.167
1.31475 0.89605 100.299
1.15439 0.928935 100.395
1.31403 0.895214 100.455
1.23882 0.841425 100.533
1.25041 0.841882 100.655
1.21651 1.00696 100.745
1.2135 1.00642 100.756
1.28316 0.986077 100.815
1.29111 0.860105 100.926
1.22775 1.00692 100.979
1.30378 0.959301 101.049
1.15644 0.934677 101.068
1.24818 0.843179 101.135
1.30944 0.888218 101.161
1.31328 0.90277 101.198
1.27539 0.850936 101.32
1.258 0.999574 101.331
1.21647 0.849154 101.497
1.25748 0.845605 101.542
1.28155 0.982954 101.842
1.23496 0.84657 102.11
1.31054 0.905456 102.163
1.24118 1.00135 102.179
1.31093 0.92354 102.186
1.30745 0.893598 102.283
1.31049 0.924431 102.297
1.24985 0.998707 102.331
1.30726 0.895706 102.521
1.20105 0.995124 102.656
1.25736 0.849548 102.757
1.22438 0.850868 102.82
1.1655 0.910133 102.846
1.30698 0.89937 102.876
1.30151 0.884597 102.929
1.30865 0.918801 102.955
1.27323 0.984538 102.981
1.20071 0.993474 103.005
1.29267 0.964838 103.012
1.28683 0.97145 103.142
1.22493 0.998377 103.248
1.18282 0.979788 103.26
1.24449 0.996457 103.292
1.3022 0.944774 103.327
1.30708 0.922431 103.362
1.26855 0.985887 103.401
1.16551 0.944632 103.417
1.24748 0.994989 103.476
1.21745 0.996389 103.544
1.20783 0.99352 103.655
1.16622 0.941902 103.73
1.26904 0.856942 103.779
1.29147 0.875152 103.933
1.305 0.917855 104.022
1.16708 0.929762 104.168
1.2816 0.97112 104.286
1.28992 0.875243 104.287
1.27618 0.863102 104.341
1.19655 0.984731 104.429
1.25523 0.855351 104.552
1.21188 0.86212 104.688
1.19352 0.981247 104.714
1.30049 0.900898 104.773
1.18295 0.970682 104.795
1.27317 0.863286 104.822
1.29396 0.950358 104.83
1.17734 0.898009 104.849
1.17633 0.900578 104.899
1.27684 0.866048 104.905
1.2352 0.991321 104.969
1.1825 0.968161 105.08
1.23503 0.856773 105.175
1.17326 0.912196 105.18
1.29678 0.894584 105.247
1.28811 0.95714 105.281
1.17151 0.93588 105.304
1.17932 0.898655 105.435
1.24627 0.987033 105.513
1.19281 0.881168 105.783
1.29493 0.937756 105.872
1.28396 0.958499 105.972
1.29451 0.935488 106.146
1.26786 0.866264 106.187
1.28743 0.951614 106.192
1.23659 0.986005 106.195
1.21258 0.983589 106.238
1.29341 0.93682 106.319
1.29485 0.931234 106.331
1.19293 0.883992 106.331
1.17601 0.921436 106.369
1.23309 0.861498 106.381
1.17695 0.94281 106.39
1.20045 0.976938 106.431
1.26664 0.973082 106.446
1.28433 0.881509 106.452
1.24122 0.984154 106.454
1.28944 0.889746 106.478
1.18309 0.899731 106.486
1.25238 0.862932 106.682
1.17779 0.918624 106.707
1.21452 0.869136 106.78
1.26423 0.867212 106.798
1.17967 0.912095 106.809
1.29379 0.907909 106.828
1.21526 0.981551 106.837
1.18817 0.893619 106.86
1.18158 0.907202 106.889
1.21912 0.867514 106.902
1.26069 0.974509 106.936
1.25988 0.974883 106.956
1.20969 0.978958 106.973
1.18593 0.958227 107.01
1.24058 0.863339 107.026
1.28199 0.95387 107.042
1.17963 0.917237 107.094
1.20407 0.975491 107.105
1.18225 0.948935 107.167
1.18731 0.958289 107.26
1.23279 0.865268 107.323
1.23046 0.981319 107.326
1.18129 0.914458 107.346
1.28922 0.89912 107.407
1.18287 0.910553 107.462
1.24472 0.978659 107.482
1.20651 0.877405 107.503
1.1909 0.961123 107.545
1.20843 0.877052 107.715
1.28577 0.94057 107.764
1.28447 0.943235 107.789
1.21518 0.873358 107.813
1.20674 0.972765 107.868
1.24807 0.867313 107.891
1.27588 0.881382 107.939
1.25319 0.97319 107.983
1.18611 0.909188 108.096
1.28587 0.898708 108.097
1.24976 0.97395 108.117
1.28722 0.930593 108.161
1.26291 0.966431 108.199
1.28331 0.894689 108.273
1.26732 0.962488 108.276
1.23812 0.868722 108.288
1.22384 0.87198 108.354
1.25732 0.968912 108.4
1.20632 0.969377 108.407
1.25777 0.968368 108.452
1.20344 0.966443 108.566
1.25635 0.872476 108.598
1.21433 0.877896 108.657
1.18831 0.910324 108.657
1.20121 0.963459 108.741
1.22611 0.873535 108.855
1.1876 0.916536 108.865
1.18928 0.944529 108.876
1.18707 0.93538 108.891
1.26538 0.878561 108.915
1.20459 0.886782 108.924
1.2222 0.875318 108.932
1.18956 0.910539 108.933
1.21115 0.968889 108.933
1.19824 0.958972 108.948
1.26162 0.876545 108.949
1.2763 0.889571 108.998
1.25026 0.96877 109.07
1.27096 0.953399 109.092
1.20793 0.966005 109.11
1.18848 0.918333 109.124
1.21556 0.879848 109.177
1.28382 0.917855 109.238
1.22332 0.876374 109.239
1.2269 0.971459 109.27
1.24769 0.968636 109.279
1.21084 0.96652 109.294
1.27327 0.88827 109.32
1.26343 0.879769 109.335
1.27704 0.894249 109.385
1.26684 0.88251 109.39
1.27292 0.948151 109.435
1.24503 0.87421 109.453
1.2764 0.941079 109.571
1.28048 0.905951 109.627
1.21807 0.880855 109.631
1.21308 0.883984 109.635
1.23805 0.875095 109.655
1.28132 0.91145 109.666
1.28102 0.910242 109.69
1.23286 0.876021 109.715
1.28129 0.921453 109.716
1.27733 0.898571 109.724
1.27607 0.939872 109.737
1.19293 0.913178 109.772
1.28095 0.915507 109.804
1.27241 0.945521 109.815
1.2448 0.876163 109.843
1.25977 0.958634 109.865
1.25761 0.879787 109.874
1.27875 0.90503 109.901
1.23683 0.876698 109.953
1.26769 0.949592 110.077
1.25196 0.879124 110.132
1.24043 0.87754 110.146
1.20167 0.952569 110.155
1.19389 0.918192 110.181
1.27894 0.918292 110.195
1.25545 0.88106 110.25
1.22441 0.88148 110.29
1.27828 0.918924 110.315
1.22973 0.879931 110.33
1.20471 0.896591 110.339
1.25311 0.88076 110.351
1.27614 0.906012 110.414
1.27771 0.916063 110.417
1.26571 0.889001 110.441
1.23592 0.964482 110.496
1.25969 0.885438 110.591
1.27656 0.91737 110.627
1.2742 0.931723 110.644
1.25533 0.883692 110.682
1.19813 0.912541 110.682
1.27113 0.938062 110.718
1.25701 0.884837 110.73
1.23161 0.963195 110.738
1.24011 0.96231 110.744
1.22481 0.962166 110.789
1.19707 0.931952 110.813
1.2325 0.882073 110.826
1.21236 0.9566 110.847
1.26185 0.888849 110.85
1.19704 0.922982 110.855
1.21395 0.957338 110.882
1.21432 0.957542 110.884
1.22517 0.96154 110.895
1.26973 0.938366 110.91
1.20014 0.910896 110.923
1.20644 0.899474 110.925
1.23922 0.881906 110.928
1.27442 0.922311 110.956
1.22291 0.960491 110.973
1.20032 0.940308 110.973
1.19807 0.920043 110.973
1.20195 0.943423 111.001
1.27437 0.91811 111.003
1.2002 0.91216 111.008
1.22157 0.959837 111.011
1.26362 0.89174 111.015
1.2284 0.961173 111.024
1.21202 0.954914 111.026
1.23549 0.960722 111.101
1.25443 0.953486 111.149
1.2716 0.930234 111.149
1.24438 0.958417 111.164
1.24286 0.883508 111.177
1.23139 0.960335 111.179
1.20779 0.900141 111.184
1.20209 0.910089 111.186
1.20346 0.943295 111.212
1.20794 0.900299 111.222
1.25173 0.885914 111.243
1.26918 0.901847 111.25
1.26983 0.933252 111.257
1.26208 0.945504 111.291
1.20105 0.935664 111.31
1.22347 0.95797 111.353
1.20269 0.939329 111.363
1.20182 0.91433 111.377
1.20306 0.91093 111.387
1.20045 0.922826 111.41
1.21169 0.897813 111.437
1.25796 0.891025 111.49
1.23436 0.957745 111.552
1.20355 0.937575 111.573
1.27051 0.914182 111.587
1.20159 0.924176 111.595
1.25802 0.892107 111.613
1.26595 0.901736 111.673
1.22922 0.888422 111.704
1.21252 0.899592 111.728
1.22942 0.888588 111.737
1.2097 0.903542 111.765
1.2375 0.887343 111.779
1.22136 0.95378 111.805
1.21669 0.896283 111.814
1.25471 0.947809 111.822
1.2531 0.890921 111.841
1.26363 0.937319 111.842
1.20769 0.9079 111.85
1.25968 0.896239 111.905
1.24741 0.951708 111.913
1.23985 0.888331 111.931
1.26798 0.918335 111.987
1.26026 0.89813 112.025
1.20714 0.937594 112.026
1.21856 0.950439 112.032
1.25109 0.89167 112.052
1.22691 0.953311 112.071
1.26636 0.910558 112.079
1.26663 0.911914 112.086
1.25301 0.946581 112.106
1.24327 0.889891 112.111
1.23483 0.890092 112.128
1.22375 0.893971 112.134
1.23041 0.95333 112.134
1.2637 0.932525 112.151
1.22177 0.895373 112.158
1.24006 0.95238 112.162
1.22846 0.952845 112.164
1.21678 0.947663 112.196
1.21263 0.904667 112.214
1.21943 0.949172 112.22
1.23404 0.890905 112.22
1.22858 0.952337 112.228
1.22338 0.950849 112.24
1.23668 0.890964 112.275
1.26153 0.934277 112.308
1.26547 0.920029 112.321
1.2148 0.944579 112.321
1.25361 0.943879 112.334
1.24215 0.891486 112.336
1.22844 0.89339 112.338
1.2083 0.916377 112.373
1.23757 0.891726 112.382
1.21274 0.941273 112.396
1.21562 0.944202 112.419
1.26418 0.921951 112.466
1.24871 0.894347 112.482
1.22138 0.898635 112.492
1.26365 0.923377 112.508
1.21427 0.941369 112.526
1.22752 0.895348 112.527
1.24659 0.894006 112.529
1.20936 0.931565 112.532
1.23617 0.949938 112.537
1.21743 0.902699 112.545
1.26111 0.907238 112.567
1.21362 0.908106 112.58
1.26282 0.913305 112.595
1.22987 0.949316 112.598
1.24221 0.948011 112.604
1.21853 0.902318 112.611
1.21367 0.939241 112.616
1.2273 0.896225 112.616
1.21021 0.931737 112.621
1.25223 0.941963 112.628
1.25897 0.904533 112.635
1.21408 0.93933 112.646
1.24045 0.947946 112.671
1.26019 0.930379 112.676
1.21185 0.913361 112.679
1.23481 0.948774 112.681
1.22401 0.898678 112.686
1.23596 0.894363 112.687
1.25363 0.939837 112.698
1.21006 0.925825 112.715
1.2515 0.941408 112.734
1.21021 0.924107 112.737
1.22983 0.947963 112.742
1.21701 0.905658 112.748
1.2121 0.933313 112.765
1.26068 0.924835 112.823
1.25813 0.931571 112.836
1.25937 0.928754 112.836
1.25573 0.935247 112.853
1.24522 0.896632 112.858
1.21774 0.906244 112.86
1.2491 0.89842 112.879
1.25385 0.901895 112.884
1.24191 0.89645 112.913
1.25552 0.904207 112.919
1.21419 0.913231 112.926
1.22675 0.945284 112.935
1.23473 0.94629 112.943
1.22796 0.945432 112.956
1.24798 0.898868 112.972
1.24972 0.899841 112.974
1.23888 0.896846 112.979
1.2492 0.899686 112.988
1.25839 0.927256 112.993
1.25203 0.901759 112.997
1.23317 0.897686 112.999
1.25458 0.904331 113
1.25596 0.932353 113.004
1.25494 0.904947 113.011
1.24558 0.898355 113.016
1.21287 0.924194 113.025
1.21446 0.932215 113.031
1.21769 0.908872 113.032
1.2542 0.934448 113.039
1.22236 0.903793 113.044
1.21407 0.930515 113.05
1.22144 0.940433 113.105
1.25794 0.91349 113.114
1.25235 0.935637 113.114
1.23452 0.944496 113.118
1.24391 0.898998 113.125
1.21468 0.919304 113.164
1.24414 0.941456 113.168
1.21934 0.908936 113.176
1.25552 0.909181 113.186
1.21487 0.919489 113.186
1.2147 0.926175 113.193
1.23769 0.943358 113.193
1.21764 0.911997 113.198
1.25591 0.910351 113.201
1.23065 0.943194 113.212
1.2165 0.915005 113.221
1.2152 0.919916 113.225
1.22205 0.906538 113.229
1.24908 0.93729 113.231
1.24638 0.90112 113.232
1.24917 0.937173 113.233
1.24438 0.940374 113.248
1.2233 0.939716 113.253
1.25666 0.914596 113.256
1.24471 0.900876 113.268
1.24657 0.938772 113.269
1.25003 0.935575 113.286
1.23382 0.942518 113.296
1.21858 0.933972 113.298
1.25659 0.920878 113.3
1.23921 0.900195 113.302
1.24625 0.901945 113.303
1.25142 0.933525 113.314
1.25633 0.920979 113.322
1.2273 0.94091 113.324
1.2495 0.904258 113.324
1.2176 0.915342 113.33
1.25481 0.911488 113.332
1.22407 0.939081 113.333
1.25479 0.926983 113.339
1.2559 0.915925 113.345
1.22584 0.93991 113.349
1.21847 0.93221 113.362
1.22455 0.90617 113.367
1.23995 0.900983 113.367
1.25582 0.919029 113.375
1.23404 0.901522 113.38
1.23654 0.901257 113.391
1.2288 0.940532 113.393
1.21681 0.922325 113.394
1.23169 0.941153 113.396
1.24758 0.90398 113.399
1.22724 0.939878 113.399
1.24574 0.937464 113.407
1.22884 0.94025 113.416
1.21942 0.913608 113.417
1.22004 0.912518 113.42
1.23555 0.901721 113.421
1.23502 0.901846 113.424
1.24249 0.939078 113.426
1.25474 0.915276 113.432
1.25191 0.908837 113.439
1.24808 0.934962 113.447
1.2181 0.928194 113.451
1.23792 0.902031 113.462
1.22859 0.904705 113.468
1.23806 0.902239 113.479
1.23332 0.940238 113.48
1.25147 0.909172 113.482
1.22772 0.905503 113.488
1.23558 0.940068 113.492
1.24564 0.936189 113.499
1.21857 0.91874 113.5
1.22785 0.938691 113.501
1.23007 0.904427 113.505
1.23315 0.93982 113.511
1.2353 0.939777 113.516
1.21832 0.923895 113.519
1.25273 0.912618 113.524
1.24926 0.932315 113.526
1.25305 0.925322 113.528
1.25396 0.919117 113.529
1.23109 0.904302 113.53
1.21898 0.927204 113.536
1.23824 0.939038 113.54
1.24068 0.938261 113.543
1.2481 0.906691 113.545
1.23701 0.939196 113.546
1.24759 0.906407 113.553
1.23816 0.903206 113.555
1.21965 0.928667 113.555
1.22179 0.912708 113.556
1.25357 0.918617 113.559
1.22011 0.92941 113.568
1.23713 0.903436 113.57
1.25287 0.923849 113.573
1.24532 0.905271 113.574
1.24323 0.90442 113.579
1.23482 0.938941 113.579
1.25295 0.9158 113.579
1.22668 0.907697 113.584
1.24068 0.903857 113.586
1.23627 0.93873 113.587
1.21923 0.92364 113.59
1.21948 0.925627 113.595
1.24022 0.937641 113.599
1.22012 0.9179 113.603
1.25184 0.913322 113.606
1.24843 0.931656 113.61
1.22089 0.929376 113.621
1.23417 0.938251 113.628
1.24439 0.935054 113.628
1.22237 0.913572 113.631
1.24757 0.932161 113.634
1.23146 0.937837 113.636
1.22024 0.926526 113.638
1.23252 0.90528 113.64
1.24564 0.90657 113.642
1.22973 0.937225 113.645
1.22237 0.91411 113.651
1.23473 0.904852 113.653
1.23023 0.906485 113.655
1.25153 0.924403 113.66
1.22421 0.911572 113.661
1.22772 0.908238 113.666
1.2209 0.918241 113.666
1.22934 0.936669 113.671
1.22056 0.925545 113.672
1.25141 0.915345 113.679
1.22943 0.93648 113.684
1.22073 0.920366 113.686
1.22135 0.927796 113.688
1.23688 0.905164 113.694
1.2515 0.916878 113.696
1.2429 0.934861 113.698
1.23287 0.937038 113.703
1.25139 0.917094 113.706
1.22242 0.915764 113.708
1.25151 0.920487 113.708
1.2381 0.905351 113.708
1.25119 0.918183 113.728
1.24892 0.91162 113.73
1.24503 0.932738 113.731
1.25074 0.923395 113.732
1.23276 0.936485 113.737
1.24498 0.932555 113.743
1.24787 0.910577 113.744
1.25009 0.914701 113.75
1.24922 0.926772 113.753
1.24849 0.927922 113.76
1.24282 0.907334 113.771
1.2234 0.929122 113.776
1.22978 0.935024 113.776
1.2221 0.92342 113.788
1.23481 0.906972 113.794
1.24857 0.913064 113.794
1.23496 0.906968 113.795
1.22429 0.929832 113.801
1.22511 0.930902 113.804
1.24183 0.933587 113.806
1.23768 0.935153 113.807
1.24273 0.932924 113.812
1.23225 0.908085 113.813
1.23021 0.909136 113.814
1.23422 0.93532 113.815
1.24389 0.932 113.816
1.22904 0.90996 113.816
1.22991 0.909375 113.816
1.22286 0.925517 113.818
1.22671 0.932199 113.82
1.24978 0.919328 113.821
1.22276 0.924543 113.821
1.22717 0.932516 113.823
1.23947 0.90732 113.825
1.22389 0.928208 113.825
1.24592 0.910477 113.826
1.24959 0.921223 113.829
1.23905 0.907339 113.829
1.23067 0.934364 113.829
1.24548 0.91025 113.833
1.24667 0.928519 113.838
1.24851 0.92507 113.838
1.22534 0.930204 113.838
1.2272 0.912091 113.839
1.22423 0.928325 113.84
1.23549 0.934849 113.841
1.22789 0.932633 113.842
1.23292 0.908368 113.844
1.22512 0.929666 113.846
1.22652 0.913057 113.847
1.23769 0.934347 113.853
1.23954 0.907838 113.853
1.22452 0.916729 113.86
1.23935 0.90793 113.86
1.22434 0.917196 113.861
1.22339 0.921197 113.862
1.23252 0.93413 113.869
1.24746 0.926072 113.872
1.24786 0.925177 113.872
1.23801 0.908089 113.876
1.24018 0.933067 113.877
1.23051 0.910298 113.883
1.2403 0.932891 113.883
1.24591 0.912011 113.884
1.2241 0.91948 113.887
1.22633 0.929986 113.888
1.22461 0.917798 113.888
1.22945 0.911227 113.892
1.24841 0.920954 113.898
1.22416 0.924519 113.9
1.24245 0.909695 113.9
1.24278 0.93092 113.906
1.24794 0.916895 113.907
1.22587 0.915925 113.91
1.24716 0.924991 113.913
1.22651 0.915012 113.914
1.23935 0.932663 113.915
1.24746 0.915906 113.916
1.23137 0.932781 113.92
1.24677 0.925542 113.92
1.22713 0.929924 113.92
1.23633 0.908978 113.921
1.22536 0.926933 113.925
1.2418 0.931183 113.925
1.22493 0.925697 113.925
1.22869 0.912695 113.926
1.23934 0.90921 113.927
1.23307 0.933046 113.929
1.24036 0.931858 113.932
1.23401 0.909709 113.935
1.22683 0.915268 113.937
1.24613 0.914177 113.94
1.24766 0.919458 113.94
1.22794 0.913989 113.944
1.22894 0.930856 113.946
1.22496 0.923127 113.949
1.23157 0.932184 113.95
1.2346 0.90988 113.951
1.22505 0.922863 113.954
1.22787 0.929565 113.958
1.22617 0.917356 113.958
1.2384 0.932058 113.96
1.23679 0.9324 113.962
1.22581 0.918629 113.964
1.24707 0.920778 113.969
1.23766 0.932025 113.971
1.24678 0.921932 113.976
1.24298 0.911883 113.977
1.24368 0.928148 113.98
1.23893 0.910252 113.98
1.23505 0.932114 113.981
1.24675 0.919617 113.985
1.23942 0.910504 113.987
1.23982 0.930882 113.987
1.24381 0.927673 113.99
1.24468 0.926483 113.991
1.2307 0.912635 113.991
1.22713 0.916942 113.992
1.24625 0.917435 113.994
1.24308 0.912427 113.994
1.22929 0.92972 113.996
1.24644 0.921105 113.997
1.24081 0.930084 113.998
1.24572 0.923801 114.003
1.24095 0.911406 114.004
1.22893 0.929121 114.005
1.2331 0.931324 114.006
1.2308 0.913042 114.009
1.2288 0.928698 114.013
1.23671 0.910917 114.015
1.24323 0.927542 114.015
1.2274 0.917512 114.016
1.23705 0.931143 114.016
1.23616 0.931231 114.018
1.23284 0.912016 114.019
1.23617 0.911063 114.019
1.24537 0.923678 114.02
1.24407 0.914366 114.021
1.23132 0.93029 114.022
1.228 0.927329 114.022
1.23729 0.911134 114.025
1.23076 0.929764 114.029
1.24466 0.924775 114.03
1.24525 0.923297 114.03
1.23184 0.912962 114.033
1.24509 0.916867 114.034
1.23727 0.930641 114.035
1.23025 0.929241 114.035
1.24508 0.91705 114.037
1.23655 0.911452 114.037
1.22689 0.922774 114.038
1.2275 0.925334 114.04
1.23931 0.911786 114.041
1.23576 0.930687 114.041
1.24289 0.913857 114.043
1.22952 0.915352 114.044
1.24386 0.925523 114.045
1.24535 0.919506 114.046
1.23836 0.930023 114.047
1.22929 0.915835 114.05
1.24263 0.926957 114.052
1.23095 0.929189 114.052
1.24514 0.919147 114.053
1.23622 0.930312 114.054
1.23156 0.913797 114.056
1.22945 0.927772 114.056
1.23633 0.911986 114.058
1.22744 0.921744 114.061
1.24307 0.914769 114.062
1.22749 0.921412 114.062
1.24493 0.919769 114.064
1.24373 0.924833 114.064
1.24027 0.912752 114.064
1.23858 0.91224 114.064
1.24466 0.918094 114.065
1.22845 0.925886 114.065
1.24254 0.926493 114.067
1.24459 0.918054 114.067
1.23189 0.929235 114.067
1.2433 0.92535 114.069
1.23531 0.912482 114.071
1.23714 0.929677 114.073
1.23924 0.91264 114.073
1.2311 0.914725 114.073
1.23609 0.912423 114.073
1.23684 0.929711 114.074
1.24133 0.91364 114.074
1.23974 0.928632 114.074
1.23628 0.929767 114.075
1.24001 0.928434 114.075
1.23369 0.913182 114.077
1.22844 0.924788 114.081
1.24322 0.924719 114.084
1.23805 0.929096 114.084
1.22808 0.922131 114.085
1.24435 0.920414 114.085
1.24394 0.922877 114.086
1.24049 0.927749 114.086
1.23503 0.92946 114.087
1.24312 0.924444 114.092
1.24065 0.913882 114.093
1.22873 0.924514 114.093
1.23637 0.929175 114.095
1.23008 0.926774 114.096
1.22927 0.918114 114.096
1.24283 0.916085 114.096
1.23275 0.914295 114.098
1.24184 0.914964 114.098
1.24343 0.917365 114.098
1.23033 0.916527 114.099
1.23137 0.927793 114.1
1.23115 0.91567 114.1
1.2313 0.927718 114.101
1.24255 0.924873 114.102
1.24209 0.915417 114.102
1.22857 0.921821 114.102
1.24336 0.923119 114.103
1.2389 0.928155 114.103
1.23218 0.928147 114.104
1.2309 0.916102 114.105
1.24376 0.920643 114.106
1.23413 0.91389 114.107
1.22914 0.924431 114.107
1.23116 0.916052 114.11
1.22935 0.918946 114.11
1.23033 0.917092 114.11
1.23977 0.927336 114.113
1.23471 0.913873 114.113
1.23154 0.915813 114.114
1.23704 0.928473 114.114
1.23799 0.928188 114.114
1.23581 0.913745 114.117
1.24293 0.923052 114.117
1.23639 0.913696 114.118
1.22994 0.925243 114.12
1.2291 0.921609 114.12
1.2317 0.92718 114.121
1.23563 0.913912 114.122
1.24218 0.924298 114.123
1.23015 0.918128 114.123
1.23761 0.928013 114.123
1.23181 0.92715 114.124
1.24159 0.925102 114.124
1.24135 0.915724 114.125
1.24125 0.925479 114.126
1.23159 0.92682 114.127
1.23066 0.917567 114.128
1.23395 0.91474 114.13
1.23124 0.91687 114.13
1.24229 0.923525 114.131
1.23043 0.925217 114.132
1.24294 0.920537 114.132
1.2426 0.918313 114.133
1.23933 0.91466 114.133
1.22962 0.920689 114.133
1.24159 0.924636 114.133
1.24127 0.925063 114.133
1.2416 0.916476 114.134
1.24232 0.917705 114.134
1.24284 0.920882 114.135
1.23218 0.926938 114.135
1.23478 0.914585 114.135
1.24101 0.915859 114.135
1.23674 0.92781 114.136
1.23748 0.914313 114.136
1.23371 0.927544 114.138
1.23984 0.915144 114.139
1.24124 0.916364 114.14
1.2298 0.922331 114.14
1.2395 0.915126 114.143
1.2315 0.917213 114.143
1.23032 0.919378 114.144
1.23132 0.917537 114.144
1.24127 0.924419 114.145
1.23313 0.927033 114.145
1.23073 0.918591 114.146
1.24224 0.91869 114.146
1.2422 0.918553 114.146
1.23849 0.914873 114.146
1.23007 0.920745 114.146
1.23401 0.927306 114.147
1.24152 0.917241 114.148
1.23134 0.917701 114.148
1.24084 0.924805 114.148
1.23498 0.927431 114.148
1.23288 0.926746 114.149
1.24086 0.924695 114.15
1.23248 0.916519 114.15
1.23034 0.920134 114.151
1.24195 0.918447 114.151
1.23976 0.925714 114.152
1.23653 0.914873 114.152
1.23025 0.921136 114.153
1.23069 0.919378 114.154
1.23395 0.915701 114.155
1.23731 0.926949 114.155
1.23253 0.916745 114.155
1.23043 0.920628 114.156
1.24205 0.919629 114.156
1.24189 0.922048 114.156
1.23076 0.919611 114.158
1.2323 0.917108 114.158
1.24108 0.917349 114.159
1.24194 0.920266 114.16
1.23325 0.926397 114.161
1.24008 0.916368 114.161
1.23179 0.925224 114.161
1.23977 0.916162 114.162
1.23975 0.925255 114.162
1.24128 0.923062 114.163
1.2366 0.915283 114.163
1.23784 0.915393 114.163
1.23125 0.918987 114.163
1.2404 0.916833 114.164
1.23133 0.918888 114.164
1.23208 0.925333 114.164
1.23853 0.926017 114.165
1.23096 0.919986 114.165
1.23076 0.921077 114.166
1.23566 0.926736 114.166
1.23121 0.923692 114.168
1.23152 0.918875 114.168
1.23202 0.918063 114.168
1.2414 0.919106 114.169
1.23266 0.917418 114.17
1.23531 0.926533 114.171
1.23106 0.922739 114.171
1.24145 0.920111 114.172
1.23976 0.916722 114.172
1.23938 0.91644 114.172
1.23243 0.917808 114.172
1.24126 0.919178 114.173
1.23797 0.915869 114.173
1.23129 0.922943 114.175
1.23622 0.915846 114.175
1.24084 0.922758 114.176
1.23431 0.916454 114.176
1.24051 0.917893 114.176
1.23797 0.925761 114.176
1.23929 0.916634 114.176
1.23824 0.916123 114.177
1.23314 0.917326 114.177
1.24125 0.920441 114.177
1.23938 0.916728 114.177
1.23181 0.923927 114.178
1.23639 0.91594 114.178
1.23316 0.925419 114.178
1.23562 0.916107 114.179
1.23174 0.919455 114.179
1.23742 0.916044 114.179
1.23999 0.923924 114.179
1.23292 0.917697 114.179
1.23819 0.925486 114.18
1.23763 0.925753 114.18
1.24095 0.921845 114.18
1.23192 0.91916 114.18
1.23137 0.922182 114.18
1.24077 0.922395 114.18
1.24079 0.922221 114.181
1.23579 0.926078 114.181
1.23163 0.923088 114.181
1.23318 0.925245 114.181
1.23658 0.916115 114.182
1.23149 0.9221 114.183
1.23203 0.923786 114.183
1.23284 0.924845 114.183
1.23882 0.924854 114.183
1.23728 0.925693 114.184
1.24032 0.91826 114.184
1.23262 0.924565 114.184
1.23623 0.925908 114.184
